34
246
259
259
259
272
272
259
34
232
47
190
228
272
232
232
259
271
272
228
188
228
48
189
245
232
272
228
272
190
20
38
9
43
224
22
256
67
274
230
245
245
272
14
148
255
274
10
192
47
268
33
59
272
275
39
193
15
246
254
257
61
242
257
271
31
226
230
271
48
270
244
272
270
21
194
60
11
274
191
232
227
191
274
8
222
189
48
247
260
38
60
233
245
271
245
276
244
30
228
227
234
188
248
8
8
217
229
158
227
236
270
10
228
10
231
182
268
225
187
30
229
260
59
243
233
262
221
25
258
28
99
227
190
7
228
187
35
233
273
86
154
75
228
34
271
270
33
260
261
269
227
232
14
147
64
245
276
16
155
25
247
244
276
22
20
12
12
226
269
190
233
272
233
188
188
306
98
244
254
276
232
260
273
4
274
272
234
226
237
224
29
190
259
228
273
85
30
8
271
19
12
212
246
272
96
243
249
228
273
24
251
273
245
28
191
236
225
258
272
33
225
186
225
252
256
189
275
14
9
269
8
229
245
248
6
9
49
8
43
244
272
224
31
231
70
273
305
153
247
246
10
47
271
260
255
272
32
35
229
219
241
273
304
5
248
48
244
32
227
273
271
70
31
225
10
9
31
193
272
64
244
272
9
233
271
231
235
231
8
259
68
193
272
189
260
193
227
232
247
48
232
227
273
258
247
228
228
245
272
33
58
1
230
246
272
50
49
67
147
271
272
188
47
244
246
228
9
272
47
246
306
272
232
246
80
232
34
235
269
231
32
192
262
246
38
231
147
227
268
95
305
229
224
275
48
274
227
32
231
245
9
305
8
242
135
51
268
266
244
25
226
8
235
228
225
278
244
30
31
230
33
9
231
34
32
271
274
49
48
233
244
257
306
99
1
227
232
227
193
272
89
247
270
26
225
231
8
269
275
271
254
30
32
8
245
187
268
233
225
274
246
253
274
225
244
85
272
229
243
272
10
304
191
256
47
232
270
269
271
272
87
187
254
6
229
272
270
48
228
33
274
48
227
230
231
260
68
245
259
272
256
273
189
255
192
10
270
33
247
272
227
30
189
244
271
271
246
256
154
270
8
46
34
270
153
33
72
252
255
227
269
33
227
228
48
244
9
11
34
33
33
187
246
226
48
34
227
33
228
258
269
268
32
227
270
225
48
255
185
224
250
173
3
216
256
45
13
190
58
13
95
232
250
275
269
29
57
223
194
30
32
229
48
243
225
231
225
35
244
154
244
245
245
9
267
271
232
10
34
230
226
273
187
189
47
15
305
270
226
271
242
272
188
33
257
255
33
270
192
192
271
34
243
271
271
232
271
71
193
232
244
9
34
227
34
187
21
270
228
231
10
188
271
243
270
227
33
227
270
256
226
271
243
243
85
257
48
16
257
9
33
189
49
226
33
254
243
231
271
226
8
269
33
245
269
245
9
244
69
33
270
232
231
49
34
70
271
33
271
227
271
227
34
55
270
256
270
271
228
227
7
58
271
246
227
188
306
305
108
271
227
32
254
73
10
44
272
228
270
8
190
32
226
36
231
271
270
153
270
231
231
244
270
271
271
48
188
9
271
68
33
244
270
226
34
245
85
9
270
231
270
258
10
227
9
272
32
232
228
272
9
270
10
243
253
256
244
31
151
229
65
227
30
232
7
191
225
268
34
233
32
273
274
9
33
271
30
242
231
231
231
241
9
231
9
257
34
72
230
231
34
226
227
269
36
268
232
243
245
243
231
257
72
10
269
35
8
32
188
32
9
192
188
244
256
225
33
9
256
246
184
228
270
36
267
275
85
50
243
77
225
268
243
32
35
226
227
269
235
253
226
271
31
242
48
231
270
10
227
244
270
188
36
227
272
226
257
187
193
189
230
269
87
254
189
33
6
271
258
228
5
256
271
270
223
30
49
193
226
28
230
234
66
26
270
231
29
225
179
32
271
9
253
271
269
14
185
270
275
242
31
254
30
268
46
244
31
273
268
49
268
9
243
15
187
191
274
270
152
227
33
271
274
266
9
251
273
231
251
9
10
272
85
8
269
233
243
253
32
255
253
225
33
191
304
245
189
272
228
243
229
232
48
191
189
188
257
230
232
270
271
271
232
227
271
227
34
258
271
228
226
48
243
231
9
271
9
191
49
192
193
271
271
270
9
232
34
49
258
245
252
270
232
305
9
271
242
227
227
227
34
271
86
226
256
59
242
152
258
232
9
271
193
225
195
270
228
194
228
269
227
245
271
242
270
270
270
244
69
9
269
232
49
270
193
227
269
231
305
270
34
55
270
271
255
58
256
270
192
227
270
244
227
270
34
257
34
57
1
10
227
244
73
228
228
257
243
242
227
227
227
34
243
255
34
227
9
9
10
243
34
34
187
270
69
232
270
8
227
269
230
73
243
257
48
49
250
9
270
8
271
251
227
268
269
10
268
270
48
15
254
271
245
231
228
9
253
242
271
193
271
271
231
271
271
270
34
231
269
152
33
271
254
188
188
270
152
257
244
271
271
34
231
34
271
270
232
227
231
270
9
258
257
269
230
244
34
251
270
227
230
270
188
188
232
34
188
230
270
226
254
257
34
227
244
10
271
271
88
232
74
9
230
255
1
15
9
242
77
254
63
227
266
20
182
31
227
227
31
228
31
227
272
47
15
269
242
48
9
31
228
268
34
271
270
193
47
273
35
273
35
187
227
34
271
253
8
8
268
42
10
135
9
213
228
28
225
224
272
231
271
271
231
271
8
3
5
4
32
34
227
268
30
272
187
276
9
277
243
234
270
272
225
269
255
271
272
270
259
4
235
1
13
2
268
48
242
49
32
275
50
242
271
270
227
226
274
270
31
34
67
231
33
271
33
273
31
272
34
33
45
227
230
307
268
252
232
191
242
34
272
30
8
233
270
270
269
276
270
227
270
226
273
245
271
231
254
254
227
31
56
0
268
225
15
10
2
9
212
268
245
48
90
226
227
10
242
272
257
271
47
273
185
36
227
64
271
270
229
46
21
10
273
231
32
30
11
66
238
270
240
229
240
256
268
259
48
270
244
152
230
47
50
8
257
31
274
232
31
273
269
35
271
270
232
271
228
231
256
242
227
189
273
272
233
268
189
61
225
30
34
226
304
226
255
227
31
273
153
229
72
231
246
24
272
272
272
186
30
227
252
65
189
22
228
8
29
224
191
49
188
25
224
267
252
70
271
227
269
84
253
227
236
47
245
229
9
9
274
227
245
69
273
232
9
241
272
303
186
243
257
255
306
3
190
18
27
54
4
242
7
227
273
49
9
271
30
235
51
216
151
265
87
230
32
9
233
186
188
9
229
271
234
48
254
271
273
243
244
3
256
9
257
227
275
237
234
48
234
243
268
63
239
29
32
269
188
46
248
225
35
31
188
10
193
13
227
11
33
9
11
69
230
272
10
4
273
257
227
190
225
9
227
30
229
47
271
266
190
227
271
5
17
259
147
270
245
34
33
273
188
48
14
3
35
274
11
6
34
31
19
12
226
30
233
233
232
270
228
271
49
188
51
11
32
8
8
45
13
32
190
13
11
14
12
12
9
14
10
21
9
269
69
227
226
245
188
153
245
195
240
273
20
7
8
226
255
271
32
227
274
94
227
31
242
187
9
270
188
271
268
71
274
275
272
273
272
273
36
13
123
252
270
31
191
246
275
48
253
279
270
225
34
240
272
48
251
270
231
227
269
227
248
229
262
254
266
234
10
272
10
68
9
7
252
195
4
4
4
271
271
274
243
227
152
224
187
253
272
231
226
244
10
274
153
4
3
49
8
9
227
68
229
188
271
240
273
229
195
32
276
10
77
271
243
276
241
269
32
10
271
84
48
273
15
252
4
73
256
8
9
6
9
219
226
241
224
188
228
192
234
49
276
274
231
251
256
256
271
229
227
227
234
188
21
241
227
274
80
1
34
254
272
9
243
274
233
274
275
240
274
271
274
256
271
255
227
272
273
33
232
270
272
244
272
48
271
226
192
11
9
227
8
231
10
217
31
68
250
271
271
271
64
273
240
78
273
154
152
232
232
13
2
8
10
212
230
150
275
272
275
186
232
273
85
191
7
272
48
35
13
3
8
267
268
269
243
242
252
71
254
31
245
272
8
270
227
233
187
38
275
229
272
272
241
272
244
255
62
227
195
252
231
243
32
228
69
272
252
273
83
231
242
188
34
228
231
272
273
242
271
243
50
227
252
227
271
270
229
34
188
49
272
226
227
269
242
231
271
271
227
227
241
9
34
243
241
271
49
8
227
187
192
271
82
242
271
83
252
271
85
271
227
232
272
226
227
188
271
241
271
243
243
272
83
255
227
34
227
34
227
270
271
34
231
271
271
227
272
34
189
34
232
71
227
231
254
34
191
232
242
233
240
269
243
227
270
10
34
271
231
272
271
227
34
57
187
239
193
271
271
227
272
271
71
272
226
71
271
255
271
241
256
270
9
271
241
271
252
241
269
242
21
225
12
11
270
185
20
252
270
270
18
224
232
230
228
224
31
148
49
251
26
265
229
275
229
71
270
271
253
149
225
232
189
48
226
270
228
187
273
233
269
229
188
49
186
253
239
151
8
269
268
270
192
9
271
228
256
256
269
271
272
186
231
228
271
34
231
272
189
272
271
34
271
33
56
271
244
226
49
271
271
189
239
230
48
232
242
48
257
243
77
304
253
243
242
232
242
272
271
49
242
241
242
231
227
10
10
243
9
228
269
49
9
49
230
230
242
152
232
271
11
232
231
242
268
227
187
252
270
34
270
34
192
48
252
241
271
255
227
227
192
187
34
242
271
72
34
226
226
252
233
49
35
34
227
9
187
34
242
270
9
188
187
251
67
256
57
271
267
272
227
251
226
227
192
193
304
241
268
151
51
271
86
256
191
49
70
270
187
271
251
34
270
233
36
269
267
269
271
268
11
36
0
35
35
45
225
9
242
10
255
6
244
7
13
53
48
233
254
25
246
250
254
257
44
36
55
226
241
9
236
78
227
269
226
252
226
241
227
272
71
227
271
48
34
228
29
6
18
230
241
9
232
252
230
225
270
273
224
30
273
274
49
10
35
243
265
272
268
10
269
230
74
271
273
87
271
228
269
273
233
254
9
32
271
257
185
257
242
271
271
252
257
31
66
10
10
14
12
14
67
11
13
263
65
69
269
273
189
250
256
273
275
269
228
249
250
33
250
273
232
252
226
252
226
10
228
274
273
231
240
74
73
253
240
241
47
228
253
273
225
74
273
87
165
32
269
226
32
190
270
243
229
191
150
46
68
34
58
49
254
8
48
187
225
32
33
33
270
244
9
184
270
272
269
276
269
85
49
271
239
9
33
270
34
270
233
34
186
231
272
271
9
227
34
271
9
230
231
232
272
272
233
188
227
32
193
243
271
270
85
228
34
9
226
271
272
191
34
240
271
192
33
272
34
273
9
252
233
254
227
273
10
150
10
253
184
231
33
233
9
49
70
150
46
305
32
240
232
71
10
270
33
50
15
254
271
82
0
250
10
251
272
271
270
49
239
70
240
34
9
234
230
252
241
241
241
76
231
33
270
8
35
270
252
225
48
49
254
48
232
241
248
33
33
226
270
33
240
250
232
270
303
48
239
10
271
8
270
270
270
33
270
270
240
231
48
226
239
33
57
226
33
269
250
269
240
8
48
250
48
32
270
186
231
223
9
224
270
225
225
253
239
224
186
187
238
226
270
235
9
185
35
223
227
224
267
226
11
2
270
270
268
20
241
251
271
68
9
231
240
186
236
24
250
9
35
227
32
31
9
269
10
227
150
269
274
149
36
256
30
232
33
32
223
271
271
270
45
266
264
85
230
31
67
237
35
298
228
267
68
148
8
34
250
9
191
10
185
193
268
9
195
9
252
224
66
9
8
8
9
233
267
45
148
38
250
10
35
1
185
71
11
239
37
67
71
68
71
67
69
64
69
67
9
31
65
250
251
71
6
5
6
256
301
149
191
46
10
4
48
9
32
272
8
9
8
67
9
253
9
10
10
9
10
10
8
9
9
8
64
9
9
9
8
8
7
10
9
9
9
9
8
9
9
8
9
9
9
8
8
9
9
9
9
8
10
8
8
9
9
8
9
48
302
303
303
301
302
303
304
302
303
48
303
17
7
0
73
6
0
250
300
45
69
302
48
248
303
47
254
304
303
48
47
274
239
49
270
11
241
226
225
31
231
226
32
275
252
226
271
34
271
70
32
272
272
270
32
184
3
9
236
11
268
272
48
191
274
267
247
228
271
229
11
150
303
29
34
17
243
8
250
238
191
150
249
151
250
10
268
235
270
251
191
238
233
270
272
32
270
269
230
32
227
249
230
270
225
231
229
254
269
267
225
239
231
271
33
251
32
47
270
239
223
190
224
242
230
248
272
228
223
273
252
225
48
240
228
271
33
238
187
35
32
226
32
254
224
271
270
34
269
0
271
185
253
230
234
223
272
88
33
224
31
73
70
269
225
225
225
249
270
85
237
148
50
236
75
241
266
8
229
31
187
272
190
251
245
31
148
234
192
32
245
304
28
32
9
269
273
7
238
271
38
273
268
234
31
50
231
270
274
2
251
134
46
1
237
191
240
190
48
183
7
50
2
250
34
9
269
269
46
272
187
9
193
271
225
227
6
65
47
300
48
227
228
268
7
271
274
240
26
7
36
233
223
65
44
239
83
226
271
186
269
234
244
253
276
35
10
13
238
270
271
30
67
269
225
252
35
31
59
33
48
9
30
148
186
270
250
269
239
226
68
224
251
190
31
266
271
150
239
31
9
185
67
225
270
225
270
271
253
271
231
48
34
271
249
270
225
8
238
270
269
186
48
150
269
190
247
225
248
225
67
270
185
239
252
33
34
10
248
225
225
269
238
231
226
240
271
32
270
87
218
52
15
12
247
206
28
262
269
269
33
31
274
30
49
37
5
212
264
269
238
269
31
57
229
8
9
13
17
4
170
14
8
235
273
88
224
17
14
209
146
238
238
238
226
271
229
17
191
7
5
60
226
229
8
249
244
271
274
229
252
8
225
301
185
48
245
32
231
9
225
304
237
230
32
271
32
66
186
238
186
272
251
35
247
270
32
271
86
47
48
33
253
10
33
8
33
238
271
224
32
9
34
271
301
33
249
238
9
271
9
268
26
32
247
225
184
272
302
270
233
78
32
184
271
252
67
10
9
270
267
226
270
268
232
9
2
7
118
47
63
240
232
226
252
230
249
270
242
251
271
32
53
271
226
240
270
68
47
227
227
271
271
251
35
271
273
239
226
226
5
8
270
270
234
31
9
247
47
268
82
270
270
2
33
271
2
12
30
226
226
10
233
185
19
151
228
33
58
236
239
270
34
272
8
224
34
57
248
231
270
36
267
231
270
71
271
31
246
270
33
231
190
231
188
32
237
237
232
229
271
8
48
233
266
224
33
269
48
9
250
230
240
267
237
9
269
230
149
48
9
231
32
224
270
238
225
249
269
187
269
32
188
69
269
187
270
33
48
149
270
269
231
269
187
8
224
270
238
237
149
48
178
37
194
264
32
274
48
233
254
189
0
225
4
8
151
8
269
309
246
228
6
4
32
4
6
8
11
266
31
237
191
45
8
225
232
224
33
4
10
28
236
270
238
8
8
46
272
250
250
237
75
32
272
269
31
308
224
48
271
236
188
33
37
269
230
150
8
267
270
241
231
238
70
231
228
270
237
270
234
33
248
67
270
271
225
224
270
237
34
267
9
227
269
249
309
251
48
269
237
268
271
238
230
270
48
247
72
231
187
70
33
11
269
236
269
225
250
9
271
187
224
32
237
237
187
229
270
270
226
32
237
269
68
185
238
237
230
151
270
68
232
150
32
270
49
270
269
237
250
225
32
309
70
48
225
247
246
238
69
188
33
270
225
33
269
225
252
270
237
225
8
9
150
224
269
88
224
48
32
58
269
236
48
245
236
270
47
270
243
231
230
9
225
228
10
225
33
270
252
187
229
270
149
224
8
148
32
34
230
48
271
247
231
270
269
230
32
70
269
34
236
149
225
8
33
224
224
268
229
9
224
33
191
32
264
34
226
223
268
224
268
8
247
236
31
191
235
223
224
234
72
29
274
268
250
269
239
82
225
9
233
73
32
270
224
63
222
24
223
49
32
228
238
273
272
238
69
150
188
8
242
16
242
272
229
240
273
33
33
34
242
233
32
242
273
229
90
243
4
228
23
58
272
240
274
87
272
232
240
146
5
9
4
266
274
62
69
232
272
178
20
185
19
269
32
35
233
244
149
34
187
231
232
186
9
52
244
9
186
231
241
234
34
268
232
272
85
271
53
33
245
273
231
10
9
271
242
243
35
271
273
272
272
231
273
168
33
248
255
271
270
247
237
253
249
235
271
87
270
35
270
35
269
229
231
34
236
269
250
249
269
35
269
230
255
229
194
9
192
35
251
271
145
10
78
234
230
40
35
257
270
250
9
145
257
271
271
236
270
271
237
279
236
35
231
271
250
9
231
32
270
269
193
251
252
238
242
232
227
232
232
46
154
186
226
262
255
234
240
59
248
233
244
240
279
234
7
33
67
279
80
190
280
172
248
237
28
236
328
49
218
216
247
247
7
277
177
276
235
236
28
242
242
258
243
234
243
242
290
7
234
48
2
9
7
241
291
178
242
131
29
30
5
25
194
68
254
83
260
15
24
9
224
240
257
260
12
7
13
233
73
7
11
232
262
26
56
258
261
12
244
199
212
27
211
261
213
242
6
259
13
258
242
259
242
258
27
248
29
6
1
1
228
289
28
56
212
198
232
232
243
34
233
26
292
179
242
7
230
27
56
243
242
256
19
243
257
7
258
259
260
261
50
257
239
288
233
240
215
234
237
7
5
259
261
257
260
244
233
29
232
3
259
260
0
259
1
213
2
24
11
241
10
248
259
211
258
8
261
239
244
14
257
260
29
26
56
257
7
258
27
59
243
29
197
259
242
13
193
44
27
176
41
58
10
200
213
72
243
43
211
68
27
26
13
200
28
229
242
198
8
212
13
15
28
241
259
258
28
28
13
290
28
9
2
11
259
232
74
210
262
261
7
241
241
264
286
75
13
244
233
259
15
7
243
208
241
212
251
243
5
11
252
11
231
258
263
252
27
56
242
50
242
30
49
50
7
242
256
26
241
234
319
257
246
257
8
8
258
288
257
214
12
258
179
260
28
260
289
211
241
33
1
6
260
241
7
232
13
4
231
74
287
258
239
27
213